$ANSIBLE_VAULT;1.2;AES256;prod
34306438333166386365666237343061376261663430373831346562376235643762316136333830
3433386530656535616133653539613239663965613436620a643338643638333462636562383739
62356435663632383462316334316331306538643765343763333339393162656439636563373032
6339353834316432640a623632613863343739326635646138306234366539643935343937353930
66316233313266633031343662366637623963633539366234306232326463353238393030656562
63313436333130343962653134386264666238656236363039623438313334326262353030386363
62336330616638653030323636633739306361316564313230336639373039336665643436343766
64636632623363353966643838393933623637353865636232336531343166633335336565363034
33333633613633333536343961393361313866393234336333623461333634373333306261646565
65653464666530366535643762393634363630396539336165343264393035343831343865653439
38373138383235373962313862613565653230393334313236326536343939363663383865613463
30333534643031346633666366313630386133356263373235303730653639303862386661326131
37633932623738663363373437336464626662373639653234616134613838623536373233626236
38336332623631623435386465336433353531636634306362316662326665373939613863653964
37666335376333363834343833306261663935633830646262386464343564396230656138393632
30356664663830663464323834326135626333383639343336306530653831656236373766633062
35666138653133333565353563306338613664376364383664643730316161396139626231326135
37613431636266616237393437666334623965653630336633656638316136616634333739653630
39323532666561336564316261663334633365313639613331336565616464346265303431316437
39376466636634336364666534383032383838336163386266326237363439623431336362653562
30623364353365323864366665396261363733636437613733636233613736356433633734316235
37366666346361356434383031363264633632383264356533613538636437353361623032316266
62346163323962653563656238336361323232656462333431303534643962383361656439373639
35383933656662363362633530663864333639623163346566613231376333653031323664356432
39336134653134396136363063356539656462633139306164343161626131613039366636656261
35316464643434316234333236663237363231386464383265616165623130646230353236656231
64666431343138303861353736653462306261386338643265313061626166396164313334383135
39383632333032316330363061356332353530616262616131646535396637313033356564363032
39386633343436316165643435313936616631653931633235386331653136326461306233633931
32306130623538376133343665623032366565383230613635643462633335653934623434386362
31323938656530633830373636373930613266356561303631353832353737613538383936333530
66613434386665323434626664393832306463393835313062353632633338393033396435323130
64386363656435613563336464396566353736343737313739306561613938336663636331396432
61616137636665653836343133343966356538326332323735383633323063353831383139303135
33366161356332323634376134636566656334313534666230646632333232393932663435373663
62353665636164623565636339333031306332323335653333623531383338363166643261326131
66393635653530383163363562663237323430373232303135313433373665333864343239333162
37373333393133313236613066313230666239653163333330366164323135613234343166653135
65656631303830393030313330316239316564396665633234616438386464383861353335306230
64626162393765643065373933663039353334303631353765316139393536633965323736313862
34336530623935393536393833626563623238356636656234373537396436393065613435653031
33326466323338646361316636326465643637313562663365643533373563346362376665383663
30306631643161663338623366666134636162633161613537663932373530393666383235653161
64326430363635626465626531393138613332303233343733663663646333656166643462343433
33636234396462666239313432633336313764656663666564383236333933396132623331663066
35633539373931616265623765356232643363303466616630306161326266613464313535343064
30626566646363313131636330356533386338383136616534386664303637663064633462326361
65383166373466646139313866373539633762623435366538646663306139666164343366633033
35653066353264333232623263393665306435393937343639383066363533363235356234376638
62663236313739646635616339636630313766666539373432353236323134663663326662336365
30366636613465303363636534323866386633633066383464393962373338653939643864323163
30323764326262666631386533633730373963366134323430393238303331313364363463656266
63366232303165613237653530346633343131356630376334646161663936633537393730333337
63646530613931616332303766666636343333356231323335353966396135353336653134373936
64393762626230643562643337386432333566306534343762663666393334353430363237383938
32633163343637653531323838383038346236616566306137366262363032666137363961616530
37346162663030383336323838386463383265396634336338356463366261316163303765356635
63333466613561396563616433316265663832326631356661376565333535636238336138646335
35353064313666653735396630613363643134346530356232623032353233633839373736623333
64643135346461653332656562653832623331386335653832356634366138356663326564626664
62643436386364656634393434656461623038353866666337666133633536373361646334333432
61616639623762313266356430353636333064323835616266646462386235633036366461343565
38613237303065643261376130303966646635336533663437303937363065316164313633323763
36336465383134346265393439306661333034646562613532643334383934343730356438323331
64363636656633326338343838656439616465353832303666323135326536363436373936363630
34656330633034666230366336663539326538313661363139373536333266383364356465643336
64383331613464376235623834623230623139623566346333303833663439323437353866376436
30636636313665303361623435633032333265323661353432343535653863386133643663616134
64373136333565386438616332663466356235333364613638303130646539323834373065633531
35353837373032663232373763373338326563323632383763653636666636386535333966366130
64636362336636663339313638393536356639633638323836323430313738623037653330643833
64363762623338323039363237316162393935306333383064366234656337663234393438333866
63613436363061343139396236333133626666343536333931363965626363643561373131376665
62313839383336336364343763666239306239633132333934343962613234343132366134373431
61643031313336663933386132363730643761396666616466313862636231303933666534346435
66623563383163343766366162633966646566643261336463356633383666633230613634306265
61346533646339633063363561666333323464376430313330323864663335366361316230313366
35343132313736626565626236363430376232386263656330666264326439653466376632323164
37333764366361313331646435613134343331343231366631326463343837383636356166396362
35383934303062646638643663323763646136303165333534326634313834383265343236653434
62396136306134313936353234383331616136376334656266623166303465376533636334626466
30326334646339616334326632616665376330653366363639316131383439663238653835636530
37663264383731303239386536613035663738353535643332656432663335656636366264363734
31613035633430653964323863376662663638386335306239313331636137626337306233323763
34663265643436326633373830306136313164653830313964633635646636333438316261636231
33616563363564633061623564373038376634626635623638343866376633653962613663663332
38393536356562316239663935623336323461323331646435363765653566623765323939303538
37626338366138663766663730313263643637643231643539643933616132313564643163386538
62326332663430393561663731333133613531393931636336633933666332623835653561323863
61323161316461333963646563363538303530333133303731386134333066363632643664646433
39626431613130366638393237663435396131326365636365636634366566386636323265353733
38623732613265653430343738613963316463373962386337623035373431336664303730376433
32363636313433336333323562393662363366663037383334356465613263363931646262306464
30376465356431633136623933633461336232623938303431646561343061376438633630313164
62393132333131383134393234663439353063363934613735626230646162376133303636633761
62376633623232376466393539303666353331316664333931376631316237396437643035616135
38343838666365316237363663353566666264313839323266666363666166653865323239653065
35666331346536636561653938636135636136636536643166316565336332663164383661363831
37643331306538646134613037316331626562653938323565646330616239373830643064353563
38356532363562373934643534656134336535333036366130336662346634366632623930366335
64323733636339663137643365633936376234313463623663353632643066356237653566616230
38383938343636333337666361323561653631333331373264663665616562353966343938666465
34626461303632646265316265393635346633373166633365366535303832363536353839653933
30383836313762363761623032613633343466306235393761393233396438633761363064303037
35366566303534353365376531373731393038303865373236323436356464616363656461633332
64393639613062333761366566613233336265343230313933633633623462303733313938383366
32393034656561346431353763393965383231613832376436356234366235643037303564643033
37373732373463656233346465386433643636383637323163313939393462623462636230323934
66393463613133613831386438343435373737653264383162313930333032356134616561376538
31366664653034316239346365333836663634316365636630386364393933313431366564663531
31386637383363623962616336656164376433373564396435653464336461613930373632616336
33333536323436613066346439643864666661653264333164333165653937336138656534393236
61333334336135346434303436393733646232336662396333656533363338323331623666396264
38633361336565343862616630373331643666626365643334343434636331343166376234646363
63303933383466626236663038353636343166633536353864366534313864316137383865633363
66386266366465323264373465313036323332333564383639346539636634356665613235396536
61633934323466636639323132386263363131343164633733313566373066346334613030383932
32623332346437376262623166393938393563386635343165363162363738613964346662666437
31666531653734306566383133613065666635343338633630313733353333383964663765393165
64313638356337363131303933353061646334323566663333363261336634393835343238333536
39666237663839353061393463313933643236303463326261326630613035653936343737336563
32313738643433363935323034386435366134313638643461626432343933336461633564313437
65363838646531643330666562346365326635613132373064626238336431386439666366633562
63623638366263373936346530363062366337333936343733393164306335313833396632323966
62376534646439336330376532386137396633643964383361333534336535303966353734616635
62653262646439623565376161373734303063326365653266383163356133303238373832613666
32393433633962303631396139396639336639666237363535643062633536373063646163656661
39356233323562346334356432633766633931616536353830376533373064633237396566633761
32666233316532666365653636316236316234306664383536366131393263333565636166336365
30373836663366333832623636666534613761383630616635376464663637346438313032363630
34643430376330313333636533633836383434353761336634313861366266643734366666366562
66386666656231656238353538633461653834646137306232303564633563383235326335303331
33613339646561346466313935323536383430393531646166306365336339383330333933396534
3631386366373566363533306137643063333266643433636334
